0.118616 0.071228 0.004954
0.118518 0.075767 0.004466
0.118557 0.077801 0.004259
0.114227 0.065058 0.004975
0.114373 0.066877 0.004811
0.098445 0.042176 0.004994
0.098617 0.057916 0.003618
0.098354 0.056209 0.003737
0.098367 0.050659 0.004231
0.098461 0.048547 0.004431
0.089944 0.028905 0.004996
0.087831 0.025812 0.004969
0.087739 0.026881 0.004871
0.087645 0.035169 0.004196
0.087576 0.029105 0.004672
0.087673 0.052590 0.002806
0.087486 0.050801 0.002929
0.087609 0.052833 0.002780
0.087665 0.061967 0.002055
0.087600 0.062550 0.002002
0.087653 0.068970 0.001494
0.087638 0.067695 0.001595
0.087686 0.070243 0.001395
0.087681 0.072209 0.001238
0.087676 0.076295 0.000910
0.087664 0.080544 0.000569
0.087661 0.078908 0.000700
0.087711 0.079064 0.000692
0.087716 0.074331 0.001071
0.087747 0.067372 0.001631
0.087775 0.066130 0.001733
0.087730 0.067522 0.001617
0.087688 0.074460 0.001058
0.087638 0.072517 0.001209
0.087696 0.070456 0.001379
0.087726 0.061778 0.002077
0.087774 0.057537 0.002421
0.087752 0.062501 0.002021
0.087660 0.055998 0.002532
0.087723 0.054063 0.002694
0.087719 0.042792 0.003595
0.087773 0.050307 0.003000
0.087646 0.056631 0.002480
0.087599 0.056004 0.002525
0.087665 0.061301 0.002109
0.087643 0.064094 0.001883
0.087648 0.064770 0.001830
0.087677 0.062555 0.002009
0.087708 0.058992 0.002298
0.087725 0.060230 0.002200
0.087688 0.059432 0.002260
0.087689 0.065966 0.001738
0.087638 0.071376 0.001300
0.087630 0.065944 0.001734
0.087724 0.070207 0.001402
0.087680 0.069137 0.001483
0.087693 0.065092 0.001808
0.087733 0.062948 0.001984
0.087724 0.066463 0.001701
0.087671 0.068136 0.001563
0.087670 0.059494 0.002254
0.087758 0.061703 0.002086
0.087699 0.058211 0.002359
0.087708 0.059142 0.002286
0.087689 0.057947 0.002379
0.087691 0.041257 0.003715
0.087817 0.038038 0.003988
0.087746 0.041798 0.003678
0.087640 0.039719 0.003832
0.087666 0.038237 0.003953
0.087679 0.030818 0.004548
0.087721 0.026689 0.004884
0.081292 0.014418 0.004994
0.081334 0.022361 0.004406
0.081194 0.020996 0.004491
0.081206 0.020967 0.004494
0.078141 0.009215 0.004965
0.073191 0.000000 0.004965
0.073190 0.010761 0.004235
0.073029 0.025704 0.003204
0.072955 0.031855 0.002780
0.073029 0.032218 0.002763
0.073109 0.041431 0.002147
0.073069 0.044287 0.001949
0.073100 0.048083 0.001695
0.073120 0.051067 0.001495
0.073129 0.046440 0.001809
0.073189 0.055340 0.001211
0.073114 0.054879 0.001236
0.073150 0.061222 0.000809
0.073134 0.065099 0.000545
0.073140 0.071798 0.000091
0.073137 0.075129 0.000135
0.073163 0.078469 0.000360
0.073180 0.073559 0.000026
0.073242 0.066384 0.000465
0.073275 0.078034 0.000323
0.073142 0.077794 0.000315
0.073182 0.076150 0.000201
0.073231 0.076869 0.000247
0.073216 0.078206 0.000339
0.073206 0.067605 0.000380
0.073287 0.066701 0.000447
0.073240 0.064531 0.000591
0.073215 0.059734 0.000915
0.073233 0.048221 0.001698
0.073278 0.059606 0.000928
0.073124 0.062471 0.000722
0.073127 0.062054 0.000751
0.073183 0.062646 0.000715
0.073186 0.066113 0.000480
0.073164 0.072664 0.000034
0.073141 0.080335 0.000488
0.073136 0.084540 0.000773
0.073170 0.085328 0.000825
0.073212 0.082813 0.000651
0.073247 0.084471 0.000762
0.073225 0.087249 0.000952
0.073207 0.085657 0.000845
0.073238 0.090260 0.001155
0.073208 0.092302 0.001296
0.073214 0.091690 0.001254
0.073244 0.090774 0.001190
0.073254 0.089612 0.001111
0.073254 0.092904 0.001334
0.073223 0.100533 0.001853
0.073185 0.106362 0.002250
0.073198 0.109407 0.002456
0.073234 0.114796 0.002821
0.073233 0.109820 0.002483
0.073305 0.117601 0.003009
0.073244 0.118618 0.003080
0.073263 0.126439 0.003610
0.073241 0.126906 0.003643
0.073283 0.128834 0.003773
0.073298 0.130329 0.003874
0.073300 0.133179 0.004067
0.073296 0.145619 0.004912
0.076328 0.147234 0.004999
0.102023 0.156420 0.004984
0.102000 0.156391 0.004982
0.109865 0.160763 0.004978
0.119819 0.167000 0.004976
0.119786 0.164778 0.004744
0.137806 0.179815 0.004991
0.138714 0.180239 0.004961
0.152178 0.190555 0.004951
0.152126 0.188920 0.004746
0.161656 0.198099 0.004939
0.161583 0.193419 0.004313
0.182410 0.215801 0.004980
0.217416 0.246384 0.004929
0.217076 0.239291 0.003776
0.217353 0.207949 0.001600
0.217842 0.226073 0.001402
0.217469 0.235942 0.003144
0.217299 0.231988 0.002498
0.223064 0.251307 0.004895
0.240287 0.266996 0.004876
0.243520 0.270645 0.004997
0.246101 0.272931 0.004978
0.253391 0.279330 0.004907
0.253317 0.258329 0.000948
0.253634 0.251624 0.000381
0.253699 0.267969 0.002702
0.253392 0.278914 0.004828
0.261935 0.287726 0.004986
0.261877 0.281363 0.003767
0.273203 0.298015 0.004927
0.282179 0.306644 0.004956
0.282945 0.307025 0.004885
0.288794 0.312322 0.004833
0.294661 0.318034 0.004858
0.308665 0.332080 0.004997
0.317340 0.340253 0.004964
0.332247 0.354719 0.004986
0.342643 0.364230 0.004862
0.363849 0.385005 0.004897
0.382071 0.402963 0.004932
0.390447 0.411087 0.004912
0.425217 0.445633 0.004990
0.435485 0.455435 0.004905
0.440013 0.459788 0.004873
0.439921 0.456510 0.004088
0.456323 0.475908 0.004859
0.456046 0.449045 0.001737
0.469011 0.488351 0.004816
0.509347 0.528490 0.004784
0.518278 0.538058 0.004938
0.566627 0.586181 0.004802
0.615186 0.636274 0.004992
0.614216 0.634330 0.004766
0.617476 0.638342 0.004928
0.669747 0.692039 0.004931
0.709574 0.733290 0.004887
0.708879 0.702744 0.001266
0.664574 0.643007 0.004808
0.645778 0.624214 0.004933
0.589974 0.569907 0.004854
0.535187 0.515782 0.004827
0.483510 0.463877 0.004903
0.436652 0.416373 0.004988
0.402372 0.381834 0.004939
0.403117 0.401245 0.000450
0.412029 0.432548 0.004971
0.410378 0.390038 0.004922
0.387136 0.366518 0.004892
0.408395 0.428164 0.004776
0.407577 0.396900 0.002578
0.389948 0.368934 0.004999
0.390494 0.392006 0.000360
0.386856 0.366034 0.004939
0.340962 0.318797 0.004981
0.300437 0.277497 0.004821
0.301027 0.302401 0.000289
0.300623 0.313163 0.002637
0.333289 0.355145 0.004857
0.332659 0.317626 0.003337
0.303002 0.279394 0.004986
0.303632 0.289946 0.002894
0.303458 0.299466 0.000844
0.303266 0.285311 0.003794
0.303480 0.307852 0.000924
0.303171 0.323145 0.004220
0.302917 0.305414 0.000527
0.303193 0.299847 0.000707
0.286739 0.263134 0.004828
0.287239 0.270495 0.003428
0.287124 0.272073 0.003081
0.287047 0.298882 0.002422
0.286673 0.310494 0.004871
0.315332 0.337818 0.004855
0.314943 0.335477 0.004430
0.331080 0.353080 0.004872
0.330842 0.324151 0.001481
0.331238 0.341387 0.002248
0.331046 0.328419 0.000582
0.331188 0.344971 0.003053
0.330977 0.332859 0.000417
0.331119 0.341739 0.002352
0.331020 0.326319 0.001041
0.306194 0.283536 0.004814
0.306839 0.290465 0.003483
0.301575 0.277893 0.004988
0.265364 0.240306 0.004885
0.240767 0.213500 0.004984
0.241030 0.246187 0.000943
0.240461 0.266731 0.004798
0.262644 0.288432 0.004994
0.306596 0.329524 0.004874
0.306000 0.314546 0.001815
0.306205 0.299792 0.001362
0.316312 0.338667 0.004834
0.315749 0.321301 0.001200
0.315942 0.327288 0.002452
0.315909 0.332442 0.003573
0.323353 0.345580 0.004863
0.323156 0.335906 0.002789
0.329751 0.351931 0.004902
0.329540 0.330543 0.000222
0.329820 0.339680 0.002179
0.354373 0.375823 0.004908
0.353802 0.352132 0.000382
0.354055 0.341185 0.002944
0.354294 0.342247 0.002756
0.354304 0.333142 0.004841
0.341923 0.320280 0.004870
0.342137 0.353979 0.002665
0.341661 0.356700 0.003383
0.341538 0.348602 0.001589
0.341665 0.341010 0.000147
0.341798 0.355824 0.003155
0.341592 0.357619 0.003604
0.343597 0.365640 0.004972
0.343479 0.365443 0.004953
0.343463 0.360678 0.003882
0.343537 0.355025 0.002591
0.343633 0.350869 0.001632
0.343706 0.349566 0.001322
0.343734 0.358247 0.003274
0.343606 0.345082 0.000333
0.343780 0.329077 0.003317
0.344054 0.341471 0.000583
0.343903 0.341396 0.000566
0.343868 0.333601 0.002316
0.343989 0.327121 0.003806
0.344105 0.326550 0.003962
0.337343 0.315309 0.004926
0.336526 0.314817 0.004847
0.332264 0.309909 0.004960
0.332332 0.312099 0.004489
0.332309 0.329711 0.000576
0.332040 0.345546 0.002996
0.331773 0.340502 0.001935
0.331828 0.342373 0.002338
0.331819 0.328409 0.000756
0.332019 0.310660 0.004737
0.317235 0.294497 0.004925
0.304633 0.281704 0.004857
0.304814 0.306078 0.000268
0.304453 0.302397 0.000436
0.304474 0.304512 0.000008
0.304472 0.299113 0.001135
0.304545 0.327922 0.004951
0.343642 0.365660 0.004966
0.343009 0.361388 0.004142
0.342991 0.355298 0.002774
0.343104 0.360979 0.004029
0.343033 0.365003 0.004951
0.358390 0.379362 0.004822
0.366255 0.386833 0.004777
0.373080 0.393911 0.004872
0.372946 0.389829 0.003948
0.372980 0.392644 0.004599
0.380055 0.400873 0.004905
0.379922 0.395088 0.003573
0.379976 0.394624 0.003451
0.384577 0.405448 0.004940
0.385475 0.406118 0.004890
0.386450 0.406569 0.004770
0.386437 0.406962 0.004867
0.394995 0.415231 0.004836
0.398210 0.418401 0.004839
0.398124 0.412254 0.003386
0.398197 0.417459 0.004616
0.410028 0.430060 0.004846
0.427079 0.446464 0.004743
0.426760 0.446325 0.004786
0.426658 0.445488 0.004606
0.430215 0.450581 0.004992
0.430145 0.447484 0.004250
0.430162 0.447626 0.004281
0.430173 0.441655 0.002814
0.431387 0.451686 0.004979
0.445659 0.465530 0.004909
0.459517 0.478620 0.004744
0.480157 0.499630 0.004861
0.479742 0.494295 0.003632
0.479644 0.494588 0.003730
0.479649 0.491665 0.002999
0.486046 0.505495 0.004858
0.509233 0.528405 0.004791
0.508810 0.524351 0.003884
0.518225 0.537728 0.004869
0.523164 0.543146 0.004985
0.522985 0.511788 0.002793
0.523340 0.539361 0.003997
0.516635 0.496694 0.004980
0.479729 0.460444 0.004813
0.480521 0.476467 0.001012
0.480625 0.463951 0.004162
0.472771 0.452967 0.004936
0.472997 0.464368 0.002151
0.472931 0.454626 0.004563
0.473003 0.480260 0.001809
0.491440 0.510714 0.004817
0.495689 0.514711 0.004755
0.508615 0.528425 0.004951
0.509470 0.528657 0.004795
0.514426 0.534255 0.004953
0.522241 0.541635 0.004839
0.523222 0.542438 0.004794
0.523139 0.538153 0.003746
0.528148 0.547562 0.004838
0.531706 0.551259 0.004869
0.537987 0.557435 0.004834
0.539015 0.558782 0.004912
0.546888 0.566475 0.004854
0.546767 0.565290 0.004590
0.556446 0.576482 0.004945
0.556303 0.574793 0.004564
0.556224 0.560170 0.000974
0.556405 0.567544 0.002749
0.564566 0.584758 0.004964
0.583317 0.603276 0.004851
0.590627 0.610273 0.004750
0.590342 0.606595 0.003931
0.592674 0.613233 0.004963
0.594949 0.615056 0.004846
0.598489 0.618836 0.004890
0.598418 0.617699 0.004633
0.598393 0.611227 0.003084
0.602163 0.623020 0.004997
0.605721 0.626301 0.004915
0.605580 0.607998 0.000577
0.605737 0.621865 0.003852
0.605753 0.624892 0.004571
0.605612 0.620459 0.003546
0.605612 0.623137 0.004186
0.605621 0.607032 0.000337
0.605781 0.617170 0.002720
0.605819 0.619814 0.003342
0.605715 0.623960 0.004358
0.611834 0.631960 0.004780
0.626473 0.647653 0.004956
0.638971 0.660443 0.004953
0.650946 0.672193 0.004828
0.658148 0.679594 0.004825
0.657960 0.676616 0.004198
0.668493 0.690687 0.004918
0.682079 0.704678 0.004901
0.691884 0.714500 0.004821
0.700348 0.723869 0.004936
0.703544 0.727215 0.004937
0.703442 0.722881 0.004055
0.714858 0.738956 0.004912
0.714791 0.714999 0.000042
0.714809 0.720902 0.001242
0.714983 0.733310 0.003735
0.727627 0.752637 0.004957
0.738248 0.763511 0.004882
0.738055 0.762905 0.004804
0.737999 0.759343 0.004127
0.738036 0.755075 0.003294
0.763395 0.790414 0.004880
0.772200 0.800522 0.004982
0.786966 0.815894 0.004850
0.803143 0.834624 0.004977
0.823476 0.857074 0.004884
0.823466 0.816640 0.000992
0.827944 0.862588 0.004935
0.828212 0.851561 0.003322
0.838447 0.875227 0.004982
0.848881 0.887515 0.004956
0.859441 0.900267 0.004932
0.859580 0.887918 0.003420
0.867053 0.910067 0.004958
0.867211 0.901525 0.003951
0.867080 0.853435 0.001573
0.867086 0.889244 0.002554
0.867211 0.891665 0.002816
0.866881 0.879103 0.001410
0.867051 0.883714 0.001921
0.862459 0.820342 0.004996
0.862217 0.839153 0.002740
0.804088 0.773065 0.004887
0.803865 0.800964 0.000457
0.785135 0.756245 0.004874
0.729769 0.704858 0.004913
0.730434 0.751143 0.004078
0.730557 0.745365 0.002915
0.758314 0.785388 0.004962
0.791226 0.820838 0.004892
0.800302 0.831286 0.004952
0.812873 0.845090 0.004901
0.830149 0.865179 0.004939
0.850983 0.889713 0.004911
0.851049 0.881944 0.003916
0.851067 0.888350 0.004726
0.851220 0.883585 0.004099
0.862749 0.904492 0.004943
0.862850 0.893278 0.003601
0.863504 0.905203 0.004915
0.872805 0.917533 0.004966
0.872769 0.917724 0.004992
0.875035 0.920217 0.004941
0.899697 0.954323 0.004930
0.904443 0.961859 0.004962
0.910301 0.971173 0.004970
0.916731 0.981445 0.004940
0.926555 1.000000 0.004998
0.926741 0.978550 0.003518
0.926701 0.969432 0.002903
0.926732 0.973172 0.003153
0.926607 0.963941 0.002539
0.926499 0.936174 0.000659
0.926340 0.955029 0.001958
0.926357 0.950721 0.001662
0.926181 0.920070 0.000418
0.926108 0.873801 0.003579
0.925753 0.905062 0.001422
0.925679 0.926083 0.000028
0.925557 0.920950 0.000317
0.925758 0.920435 0.000366
0.925882 0.932504 0.000454
0.925922 0.905590 0.001395
0.925772 0.904913 0.001433
0.925805 0.899427 0.001812
0.925597 0.896745 0.001987
0.892826 0.840575 0.005000
0.821473 0.787764 0.004944
0.821669 0.840250 0.002723
0.818193 0.785177 0.004911
0.817754 0.808677 0.001353
0.818191 0.818050 0.000021
0.817896 0.818321 0.000063
0.817937 0.843284 0.003775
0.817979 0.830010 0.001791
0.814264 0.781452 0.004962
0.752306 0.725553 0.004985
0.733291 0.708094 0.004928
0.687335 0.665020 0.004796
0.693755 0.716898 0.004917
0.715410 0.738908 0.004784
0.718138 0.742647 0.004961
0.738751 0.764047 0.004882
0.738633 0.719417 0.003710
0.684540 0.661546 0.004965
0.685337 0.671676 0.002946
0.678589 0.655833 0.004963
0.619528 0.599222 0.004786
0.544096 0.525006 0.004735
0.560634 0.580605 0.004919
0.617715 0.638800 0.004979
0.662117 0.684408 0.004987
0.683960 0.706252 0.004818
0.683201 0.706008 0.004936
0.692753 0.715178 0.004773
0.689263 0.665947 0.004994
0.632035 0.611384 0.004803
0.581672 0.562206 0.004737
0.595555 0.615373 0.004773
0.649009 0.670538 0.004904
0.668080 0.690582 0.004990
0.659885 0.638331 0.004837
0.659879 0.668909 0.002027
0.661278 0.683392 0.004953
0.660989 0.680649 0.004406
0.660749 0.669808 0.002031
0.645718 0.624898 0.004763
0.646218 0.645413 0.000184
0.659065 0.681270 0.004989
0.672195 0.694021 0.004809
0.673812 0.695673 0.004805
0.673552 0.684946 0.002505
0.694620 0.717995 0.004958
0.695600 0.718930 0.004940
0.696293 0.718875 0.004776
0.703341 0.726908 0.004917
0.715881 0.739504 0.004805
0.721472 0.746344 0.004998
0.721298 0.738556 0.003469
0.725632 0.750354 0.004922
0.725646 0.739897 0.002837
0.733829 0.759415 0.004998
0.735862 0.760688 0.004826
0.742279 0.767637 0.004851
0.755653 0.782414 0.004941
0.768645 0.796650 0.004980
0.778331 0.806700 0.004895
0.778206 0.804289 0.004502
0.778133 0.780802 0.000461
0.778193 0.763248 0.002580
0.775502 0.747062 0.004951
0.762143 0.735007 0.004919
0.762319 0.770129 0.001415
0.762345 0.767488 0.000932
0.762048 0.768246 0.001124
0.762057 0.757248 0.000872
0.747977 0.721909 0.004914
0.748195 0.725147 0.004342
0.709777 0.685952 0.004908
0.657950 0.635777 0.004990
0.658762 0.675290 0.003715
0.662587 0.684278 0.004849
0.681280 0.703685 0.004865
0.680935 0.700702 0.004295
0.692327 0.715174 0.004867
0.692220 0.709070 0.003590
0.692106 0.692246 0.000030
0.692234 0.701321 0.001936
0.692380 0.682142 0.002181
0.692441 0.687304 0.001094
0.692596 0.677492 0.003216
0.692650 0.713304 0.004397
0.692532 0.690476 0.000438
0.692301 0.695876 0.000762
0.692421 0.689926 0.000531
0.692459 0.675275 0.003660
0.692597 0.679670 0.002752
0.692748 0.696428 0.000783
0.692640 0.713024 0.004339
0.710199 0.733565 0.004809
0.709880 0.726169 0.003355
0.709661 0.733386 0.004888
0.720575 0.744369 0.004791
0.737907 0.763626 0.004974
0.737720 0.761430 0.004588
0.749469 0.775484 0.004885
0.749427 0.772299 0.004295
0.765390 0.792728 0.004909
0.779355 0.807935 0.004915
0.787703 0.817564 0.004994
0.790403 0.819710 0.004855
0.792197 0.822007 0.004907
0.792186 0.812080 0.003275
0.792176 0.811237 0.003138
0.792251 0.817238 0.004112
0.792248 0.815180 0.003774
0.816787 0.850089 0.004983
0.844298 0.881620 0.004906
0.862431 0.904026 0.004935
0.862536 0.899017 0.004325
0.862556 0.871852 0.001102
0.862550 0.828898 0.003990
0.861717 0.820062 0.004964
0.861730 0.860880 0.000101
0.861763 0.829143 0.003886
0.861471 0.829836 0.003775
0.861727 0.823818 0.004517
0.827069 0.792173 0.004991
0.827050 0.792768 0.004904
0.827213 0.809764 0.002494
0.827174 0.801981 0.003602
0.827067 0.807152 0.002848
0.820989 0.787625 0.004903
0.779230 0.750348 0.004969
0.779430 0.776339 0.000531
0.779701 0.779551 0.000026
0.780427 0.809464 0.004976
0.781302 0.809978 0.004900
0.781062 0.793658 0.002154
0.781077 0.795249 0.002423
0.781206 0.772549 0.001480
0.781214 0.775824 0.000921
0.772992 0.744596 0.004983
0.773016 0.748362 0.004326
0.773271 0.766534 0.001181
0.773222 0.783766 0.001849
0.773043 0.779066 0.001057
0.772900 0.768134 0.000837
0.772952 0.771183 0.000310
0.773040 0.779293 0.001097
0.773005 0.771536 0.000258
0.772948 0.773886 0.000165
0.773007 0.766766 0.001095
0.765712 0.738259 0.004925
0.724294 0.699554 0.004940
0.724757 0.716712 0.001605
0.704784 0.681602 0.004823
0.700534 0.677657 0.004799
0.700888 0.695448 0.001140
0.700934 0.696277 0.000976
0.700747 0.699934 0.000170
0.700671 0.697502 0.000665
0.700641 0.700999 0.000075
0.700639 0.717009 0.003433
0.700525 0.711976 0.002402
0.700368 0.723976 0.004954
0.722208 0.746901 0.004954
0.722001 0.742722 0.004159
0.721756 0.740650 0.003794
0.724976 0.749644 0.004918
0.735741 0.760759 0.004864
0.746202 0.772010 0.004888
0.749176 0.775602 0.004966
0.752157 0.778799 0.004967
0.752103 0.778880 0.004992
0.760939 0.787625 0.004854
0.760918 0.787550 0.004845
0.779501 0.808060 0.004909
0.800418 0.831674 0.004993
0.809447 0.841732 0.004980
0.829356 0.864350 0.004953
0.838610 0.874684 0.004882
0.864912 0.907329 0.004956
0.869721 0.913072 0.004912
0.879343 0.926081 0.004959
0.893009 0.944909 0.004959
0.893128 0.941870 0.004652
0.893145 0.912762 0.001872
0.893068 0.914629 0.002059
0.893103 0.889060 0.000386
0.892818 0.890848 0.000188
0.892870 0.878853 0.001341
0.892680 0.905720 0.001249
0.892861 0.890201 0.000254
0.892679 0.897981 0.000508
0.892869 0.901009 0.000779
0.892804 0.909794 0.001626
0.892887 0.880826 0.001154
0.892722 0.878409 0.001371
0.892787 0.851840 0.003919
0.892501 0.855609 0.003540
0.892547 0.845526 0.004510
0.853806 0.813880 0.004984
0.853738 0.817156 0.004568
0.853837 0.847276 0.000819
0.853839 0.865913 0.001507
0.853805 0.883420 0.003697
0.853896 0.882709 0.003595
0.853886 0.882314 0.003547
0.853944 0.864937 0.001371
0.853878 0.869575 0.001958
0.853959 0.878125 0.003014
0.853918 0.846601 0.000913
0.853783 0.872345 0.002317
0.854026 0.867640 0.001697
0.853810 0.867418 0.001699
0.853909 0.868318 0.001797
0.853898 0.871954 0.002253
0.853908 0.859099 0.000648
0.853849 0.857467 0.000452
0.853903 0.864238 0.001289
0.853893 0.864917 0.001375
0.853865 0.886078 0.004019
0.853964 0.883656 0.003703
0.865343 0.908202 0.004994
0.871887 0.916269 0.004958
0.874067 0.919107 0.004958
0.883704 0.932287 0.004993
0.895346 0.948684 0.004998
0.896743 0.950169 0.004947
0.902938 0.959897 0.004992
0.905601 0.963533 0.004953
