-3.806333 -18.608959 15511.503456
-3.806333 -18.608959 15511.503456
-3.806333 -18.608959 15511.503456
2.029338 -18.758959 15705.264904
2.029338 -18.758959 15705.264904
2.029338 -18.758959 15705.264904
0.534500 -18.758959 15731.686844
0.534500 -18.758959 15731.686844
0.534500 -18.758959 15731.686844
0.684500 -18.908959 15848.039913
0.534500 -18.908959 15849.346578
0.384500 -18.908959 15850.338243
0.384500 -18.908959 15850.338243
0.384500 -18.908959 15850.338243
0.384500 -18.908959 15850.338243
0.384500 -18.908959 15850.338243
0.384500 -18.908959 15850.338243
0.384500 -18.908959 15850.338243
0.384500 -18.908959 15850.338243
0.384500 -18.908959 15850.338243
0.384500 -18.908959 15850.338243
0.384500 -18.908959 15850.338243
0.384500 -18.908959 15850.338243
0.384500 -18.908959 15850.338243
0.384500 -18.908959 15850.338243
