0.06392592632725264 0.05255644108293202 0.07735286309481887 0.0712279152422078
0.0712279152422078 0.06392592632725264 0.05255644108293202 0.07576676978756375
0.07576676978756375 0.0712279152422078 0.06392592632725264 0.07780119519106268
0.07780119519106268 0.07576676978756375 0.0712279152422078 0.06505826962773545
0.06505826962773545 0.07780119519106268 0.07576676978756375 0.06687733308772138
0.06687733308772138 0.06505826962773545 0.07780119519106268 0.04217572451008546
0.04217572451008546 0.06687733308772138 0.06505826962773545 0.05791610907337478
0.05791610907337478 0.04217572451008546 0.06687733308772138 0.05620946725685781
0.05620946725685781 0.05791610907337478 0.04217572451008546 0.050658817920280895
0.050658817920280895 0.05620946725685781 0.05791610907337478 0.048547187291749075
0.048547187291749075 0.050658817920280895 0.05620946725685781 0.028904552670217278
0.028904552670217278 0.048547187291749075 0.050658817920280895 0.025812280236004265
0.025812280236004265 0.028904552670217278 0.048547187291749075 0.026880963087775572
0.026880963087775572 0.025812280236004265 0.028904552670217278 0.035169011718940546
0.035169011718940546 0.026880963087775572 0.025812280236004265 0.029105015359776363
0.029105015359776363 0.035169011718940546 0.026880963087775572 0.05259030302373593
0.05259030302373593 0.029105015359776363 0.035169011718940546 0.05080103807165734
0.05080103807165734 0.05259030302373593 0.029105015359776363 0.05283275451989191
0.05283275451989191 0.05080103807165734 0.05259030302373593 0.061967351671154504
0.061967351671154504 0.05283275451989191 0.05080103807165734 0.06254977705298177
0.06254977705298177 0.061967351671154504 0.05283275451989191 0.0689700010294031
0.0689700010294031 0.06254977705298177 0.061967351671154504 0.06769543757754384
0.06769543757754384 0.0689700010294031 0.06254977705298177 0.07024321000363005
0.07024321000363005 0.06769543757754384 0.0689700010294031 0.07220855704788899
0.07220855704788899 0.07024321000363005 0.06769543757754384 0.07629501606410481
0.07629501606410481 0.07220855704788899 0.07024321000363005 0.08054401239617937
0.08054401239617937 0.07629501606410481 0.07220855704788899 0.07890780341653446
0.07890780341653446 0.08054401239617937 0.07629501606410481 0.0790635683442324
0.0790635683442324 0.07890780341653446 0.08054401239617937 0.07433102349747805
0.07433102349747805 0.0790635683442324 0.07890780341653446 0.06737171742345854
0.06737171742345854 0.07433102349747805 0.0790635683442324 0.06612966143477113
0.06612966143477113 0.06737171742345854 0.07433102349747805 0.06752206444062786
0.06752206444062786 0.06612966143477113 0.06737171742345854 0.07445969887253288
0.07445969887253288 0.06752206444062786 0.06612966143477113 0.07251737794802061
0.07251737794802061 0.07445969887253288 0.06752206444062786 0.07045586299187856
0.07045586299187856 0.07251737794802061 0.07445969887253288 0.06177772480265266
0.06177772480265266 0.07045586299187856 0.07251737794802061 0.05753685533637097
0.05753685533637097 0.06177772480265266 0.07045586299187856 0.06250101585822418
0.06250101585822418 0.05753685533637097 0.06177772480265266 0.05599816874624136
0.05599816874624136 0.06250101585822418 0.05753685533637097 0.054062620209889896
0.054062620209889896 0.05599816874624136 0.06250101585822418 0.04279201183271664
0.04279201183271664 0.054062620209889896 0.05599816874624136 0.05030665373592031
0.05030665373592031 0.04279201183271664 0.054062620209889896 0.0566307098004584
0.0566307098004584 0.05030665373592031 0.04279201183271664 0.05600358665676999
0.05600358665676999 0.0566307098004584 0.05030665373592031 0.06130094867613355
0.06130094867613355 0.05600358665676999 0.0566307098004584 0.06409388155364013
0.06409388155364013 0.06130094867613355 0.05600358665676999 0.06476976589208612
0.06476976589208612 0.06409388155364013 0.06130094867613355 0.06255519496351039
0.06255519496351039 0.06476976589208612 0.06409388155364013 0.058991564313307016
0.058991564313307016 0.06255519496351039 0.06476976589208612 0.060229556869097874
0.060229556869097874 0.058991564313307016 0.06255519496351039 0.05943176954375784
0.05943176954375784 0.060229556869097874 0.058991564313307016 0.0659657696412802
0.0659657696412802 0.05943176954375784 0.060229556869097874 0.07137555330411274
0.07137555330411274 0.0659657696412802 0.05943176954375784 0.06594409799916572
0.06594409799916572 0.07137555330411274 0.0659657696412802 0.07020663910756177
0.07020663910756177 0.06594409799916572 0.07137555330411274 0.06913660177815828
0.06913660177815828 0.07020663910756177 0.06594409799916572 0.06509213156853937
0.06509213156853937 0.06913660177815828 0.07020663910756177 0.06294799347683581
0.06294799347683581 0.06509213156853937 0.06913660177815828 0.06646286293228161
0.06646286293228161 0.06294799347683581 0.06509213156853937 0.06813564280799467
0.06813564280799467 0.06646286293228161 0.06294799347683581 0.05949407551483704
0.05949407551483704 0.06813564280799467 0.06646286293228161 0.061703228532884034
0.061703228532884034 0.05949407551483704 0.06813564280799467 0.05821138519718491
0.05821138519718491 0.061703228532884034 0.05949407551483704 0.05914191133047633
0.05914191133047633 0.05821138519718491 0.061703228532884034 0.05794726205891444
0.05794726205891444 0.05914191133047633 0.05821138519718491 0.04125738867548346
0.04125738867548346 0.05794726205891444 0.05914191133047633 0.03803779534384768
0.03803779534384768 0.04125738867548346 0.05794726205891444 0.04179782525071383
0.04179782525071383 0.03803779534384768 0.04125738867548346 0.03971870208535386
0.03971870208535386 0.04179782525071383 0.03803779534384768 0.03823690355577471
0.03823690355577471 0.03971870208535386 0.04179782525071383 0.030818429564454262
0.030818429564454262 0.03823690355577471 0.03971870208535386 0.026688627264009356
0.026688627264009356 0.030818429564454262 0.03823690355577471 0.014418414394304791
0.014418414394304791 0.026688627264009356 0.030818429564454262 0.02236107122926974
0.02236107122926974 0.014418414394304791 0.026688627264009356 0.020995757776056116
0.020995757776056116 0.02236107122926974 0.014418414394304791 0.020967313745780827
0.020967313745780827 0.020995757776056116 0.02236107122926974 0.00921451133155996
0.00921451133155996 0.020967313745780827 0.020995757776056116 0.0
0.0 0.00921451133155996 0.020967313745780827 0.010761324787482558
0.010761324787482558 0.0 0.00921451133155996 0.02570392202543173
0.02570392202543173 0.010761324787482558 0.0 0.031854604953053846
0.031854604953053846 0.02570392202543173 0.010761324787482558 0.03221760495847179
0.03221760495847179 0.031854604953053846 0.02570392202543173 0.04143076181239944
0.04143076181239944 0.03221760495847179 0.031854604953053846 0.04428735513861728
0.04428735513861728 0.04143076181239944 0.03221760495847179 0.048082601463919517
0.048082601463919517 0.04428735513861728 0.04143076181239944 0.051066515687559995
0.051066515687559995 0.048082601463919517 0.04428735513861728 0.04643962009611381
0.04643962009611381 0.051066515687559995 0.048082601463919517 0.05533989261701341
0.05533989261701341 0.04643962009611381 0.051066515687559995 0.054879370222080164
0.054879370222080164 0.05533989261701341 0.04643962009611381 0.06122238897346849
0.06122238897346849 0.054879370222080164 0.05533989261701341 0.06509890395670016
0.06509890395670016 0.06122238897346849 0.054879370222080164 0.07179815032534552
0.07179815032534552 0.06509890395670016 0.06122238897346849 0.07512881082281808
0.07512881082281808 0.07179815032534552 0.06509890395670016 0.0784689526637157
0.0784689526637157 0.07512881082281808 0.07179815032534552 0.07355897124714882
0.07355897124714882 0.0784689526637157 0.07512881082281808 0.06638430322961654
0.06638430322961654 0.07355897124714882 0.0784689526637157 0.07803416534379362
0.07803416534379362 0.06638430322961654 0.07355897124714882 0.07779442280290189
0.07779442280290189 0.07803416534379362 0.06638430322961654 0.07615008695746399
0.07615008695746399 0.07779442280290189 0.07803416534379362 0.07686931458013908
0.07686931458013908 0.07615008695746399 0.07779442280290189 0.07820618400307741
0.07820618400307741 0.07686931458013908 0.07615008695746399 0.06760468757618947
0.06760468757618947 0.07820618400307741 0.07686931458013908 0.06670125099554115
0.06670125099554115 0.06760468757618947 0.07820618400307741 0.06453137782882658
0.06453137782882658 0.06670125099554115 0.06760468757618947 0.05973381805572866
0.05973381805572866 0.06453137782882658 0.06670125099554115 0.048220758182399404
0.048220758182399404 0.05973381805572866 0.06453137782882658 0.05960649715830601
0.05960649715830601 0.048220758182399404 0.05973381805572866 0.06247121735031671
0.06247121735031671 0.05960649715830601 0.048220758182399404 0.06205403823961256
0.06205403823961256 0.06247121735031671 0.05960649715830601 0.06264594496486488
0.06264594496486488 0.06205403823961256 0.06247121735031671 0.06611340770318527
0.06611340770318527 0.06264594496486488 0.06205403823961256 0.07266366153229349
0.07266366153229349 0.06611340770318527 0.06264594496486488 0.08033542284082729
0.08033542284082729 0.07266366153229349 0.06611340770318527 0.08453972141104069
0.08453972141104069 0.08033542284082729 0.07266366153229349 0.08532802739295567
0.08532802739295567 0.08453972141104069 0.08033542284082729 0.0828127624300413
0.0828127624300413 0.08532802739295567 0.08453972141104069 0.08447064305180069
0.08447064305180069 0.0828127624300413 0.08532802739295567 0.08724867667535345
0.08724867667535345 0.08447064305180069 0.0828127624300413 0.08565716545756971
0.08565716545756971 0.08724867667535345 0.08447064305180069 0.09025968045163704
0.09025968045163704 0.08565716545756971 0.08724867667535345 0.09230223272092886
0.09230223272092886 0.09025968045163704 0.08565716545756971 0.09169000883119423
0.09169000883119423 0.09230223272092886 0.09025968045163704 0.09077438195185648
0.09077438195185648 0.09169000883119423 0.09230223272092886 0.08961224014346632
0.08961224014346632 0.09077438195185648 0.09169000883119423 0.09290362078960636
0.09290362078960636 0.08961224014346632 0.09077438195185648 0.10053339329154325
0.10053339329154325 0.09290362078960636 0.08961224014346632 0.10636171054271212
0.10636171054271212 0.10053339329154325 0.09290362078960636 0.10940657625979974
0.10940657625979974 0.10636171054271212 0.10053339329154325 0.11479604275814997
0.11479604275814997 0.10940657625979974 0.10636171054271212 0.10981969193760734
0.10981969193760734 0.11479604275814997 0.10940657625979974 0.11760116593434586
0.11760116593434586 0.10981969193760734 0.11479604275814997 0.1186183786360952
0.1186183786360952 0.11760116593434586 0.10981969193760734 0.12643913248416624
0.12643913248416624 0.1186183786360952 0.11760116593434586 0.12690642726726017
0.12690642726726017 0.12643913248416624 0.1186183786360952 0.12883384893781866
0.12883384893781866 0.12690642726726017 0.12643913248416624 0.13032919224371928
0.13032919224371928 0.12883384893781866 0.12690642726726017 0.1331790131817763
0.1331790131817763 0.13032919224371928 0.12883384893781866 0.14561853575550054
0.14561853575550054 0.1331790131817763 0.13032919224371928 0.14723442757066316
0.14723442757066316 0.14561853575550054 0.1331790131817763 0.1564204948719477
0.1564204948719477 0.14723442757066316 0.14561853575550054 0.15639069636404035
0.15639069636404035 0.1564204948719477 0.14723442757066316 0.16076295016064113
0.16076295016064113 0.15639069636404035 0.1564204948719477 0.1670003196567213
0.1670003196567213 0.16076295016064113 0.15639069636404035 0.16477762186235256
0.16477762186235256 0.1670003196567213 0.16076295016064113 0.17981503253455278
0.17981503253455278 0.16477762186235256 0.1670003196567213 0.18023898403341773
0.18023898403341773 0.17981503253455278 0.16477762186235256 0.19055468567992073
0.19055468567992073 0.18023898403341773 0.17981503253455278 0.188919831177908
0.188919831177908 0.19055468567992073 0.18023898403341773 0.19809912609103175
0.19809912609103175 0.188919831177908 0.19055468567992073 0.19341940587193143
0.19341940587193143 0.19809912609103175 0.188919831177908 0.21580079426568358
0.21580079426568358 0.19341940587193143 0.19809912609103175 0.24638354472214255
0.24638354472214255 0.21580079426568358 0.19341940587193143 0.23929149984017165
0.23929149984017165 0.24638354472214255 0.21580079426568358 0.20794888743207302
0.20794888743207302 0.23929149984017165 0.24638354472214255 0.2260731526279575
0.2260731526279575 0.20794888743207302 0.23929149984017165 0.23594187665584898
0.23594187665584898 0.2260731526279575 0.20794888743207302 0.23198815644758441
0.23198815644758441 0.23594187665584898 0.2260731526279575 0.2513070709150309
0.2513070709150309 0.23198815644758441 0.23594187665584898 0.26699598532829827
0.26699598532829827 0.2513070709150309 0.23198815644758441 0.27064494806932765
0.27064494806932765 0.26699598532829827 0.2513070709150309 0.27293130631240764
0.27293130631240764 0.27064494806932765 0.26699598532829827 0.2793298586467144
0.2793298586467144 0.27293130631240764 0.27064494806932765 0.2583286829601296
0.2583286829601296 0.2793298586467144 0.27293130631240764 0.2516240186809555
0.2516240186809555 0.2583286829601296 0.2793298586467144 0.26796850026818664
0.26796850026818664 0.2516240186809555 0.2583286829601296 0.2789140340136424
0.2789140340136424 0.26796850026818664 0.2516240186809555 0.28772626548845176
0.28772626548845176 0.2789140340136424 0.26796850026818664 0.28136292957258113
0.28136292957258113 0.28772626548845176 0.2789140340136424 0.29801487758231165
0.29801487758231165 0.28136292957258113 0.28772626548845176 0.30664425457677996
0.30664425457677996 0.29801487758231165 0.28136292957258113 0.30702486279141594
0.30702486279141594 0.30664425457677996 0.29801487758231165 0.31232222481077954
0.31232222481077954 0.30702486279141594 0.30664425457677996 0.318034056985583
0.318034056985583 0.31232222481077954 0.30702486279141594 0.33207999003104466
0.33207999003104466 0.318034056985583 0.31232222481077954 0.3402529080634763
0.3402529080634763 0.33207999003104466 0.318034056985583 0.3547187291749065
0.3547187291749065 0.3402529080634763 0.33207999003104466 0.3642298711079085
0.3642298711079085 0.3547187291749065 0.3402529080634763 0.3850048490299231
0.3850048490299231 0.3642298711079085 0.3547187291749065 0.4029625134770524
0.4029625134770524 0.3850048490299231 0.3642298711079085 0.41108667031472645
0.41108667031472645 0.4029625134770524 0.3850048490299231 0.44563262232287504
0.44563262232287504 0.41108667031472645 0.4029625134770524 0.45543497694679075
0.45543497694679075 0.44563262232287504 0.41108667031472645 0.4597882680565413
0.4597882680565413 0.45543497694679075 0.44563262232287504 0.456510432186723
0.456510432186723 0.4597882680565413 0.45543497694679075 0.47590790635683444
0.47590790635683444 0.456510432186723 0.4597882680565413 0.44904455147827693
0.44904455147827693 0.47590790635683444 0.456510432186723 0.4883514923634552
0.4883514923634552 0.44904455147827693 0.47590790635683444 0.5284900825147775
0.5284900825147775 0.4883514923634552 0.44904455147827693 0.5380581125083301
0.5380581125083301 0.5284900825147775 0.4883514923634552 0.586181348301214
0.586181348301214 0.5380581125083301 0.5284900825147775 0.6362739945712536
0.6362739945712536 0.586181348301214 0.5380581125083301 0.6343303191691093
0.6343303191691093 0.6362739945712536 0.586181348301214 0.6383422819155564
0.6383422819155564 0.6343303191691093 0.6362739945712536 0.6920391931647641
0.6920391931647641 0.6383422819155564 0.6343303191691093 0.7332898094520867
0.7332898094520867 0.6920391931647641 0.6383422819155564 0.7027436298916961
0.7027436298916961 0.7332898094520867 0.6920391931647641 0.6430071028807031
0.6430071028807031 0.7027436298916961 0.7332898094520867 0.6242137257345333
0.6242137257345333 0.6430071028807031 0.7027436298916961 0.5699072995508552
0.5699072995508552 0.6242137257345333 0.6430071028807031 0.5157823733698861
0.5157823733698861 0.5699072995508552 0.6242137257345333 0.4638774360280215
0.4638774360280215 0.5157823733698861 0.5699072995508552 0.4163731965130328
0.4163731965130328 0.4638774360280215 0.5157823733698861 0.381834016893045
0.381834016893045 0.4163731965130328 0.4638774360280215 0.40124503583947824
0.40124503583947824 0.381834016893045 0.4163731965130328 0.43254836839624433
0.43254836839624433 0.40124503583947824 0.381834016893045 0.39003808791101635
0.39003808791101635 0.43254836839624433 0.40124503583947824 0.3665175838286207
0.3665175838286207 0.39003808791101635 0.43254836839624433 0.4281639243009541
0.4281639243009541 0.3665175838286207 0.39003808791101635 0.39689987159552054
0.39689987159552054 0.4281639243009541 0.3665175838286207 0.3689339719243877
0.3689339719243877 0.39689987159552054 0.4281639243009541 0.3920061439105395
0.3920061439105395 0.3689339719243877 0.39689987159552054 0.3660340353139409
0.3660340353139409 0.3920061439105395 0.3689339719243877 0.31879662789248703
0.31879662789248703 0.3660340353139409 0.3920061439105395 0.2774972504104068
0.2774972504104068 0.31879662789248703 0.3660340353139409 0.302400676155234
0.302400676155234 0.2774972504104068 0.31879662789248703 0.3131633554203486
0.3131633554203486 0.302400676155234 0.2774972504104068 0.3551453896290357
0.3551453896290357 0.3131633554203486 0.302400676155234 0.3176263592183039
0.3176263592183039 0.3551453896290357 0.3131633554203486 0.27939351909542576
0.27939351909542576 0.3176263592183039 0.3551453896290357 0.2899462543275561
0.2899462543275561 0.27939351909542576 0.3176263592183039 0.2994655231263511
0.2994655231263511 0.2899462543275561 0.27939351909542576 0.28531123187031693
0.28531123187031693 0.2994655231263511 0.2899462543275561 0.30785244862466343
0.30785244862466343 0.28531123187031693 0.2994655231263511 0.32314450109170895
0.32314450109170895 0.30785244862466343 0.28531123187031693 0.30541438888678196
0.30541438888678196 0.32314450109170895 0.30785244862466343 0.2998474858186192
0.2998474858186192 0.30541438888678196 0.32314450109170895 0.26313436959902053
0.26313436959902053 0.2998474858186192 0.30541438888678196 0.2704946010521582
0.2704946010521582 0.26313436959902053 0.2998474858186192 0.27207256749362047
0.27207256749362047 0.2704946010521582 0.26313436959902053 0.2988817432668918
0.2988817432668918 0.27207256749362047 0.2704946010521582 0.3104936800073684
0.3104936800073684 0.2988817432668918 0.27207256749362047 0.33781755728085905
0.33781755728085905 0.3104936800073684 0.2988817432668918 0.33547701993249285
0.33547701993249285 0.33781755728085905 0.3104936800073684 0.3530798112399972
0.3530798112399972 0.33547701993249285 0.33781755728085905 0.3241508779724012
0.3241508779724012 0.3530798112399972 0.33547701993249285 0.3413866058415912
0.3413866058415912 0.3241508779724012 0.3530798112399972 0.328418836991326
0.328418836991326 0.3413866058415912 0.3241508779724012 0.34497055365627693
0.34497055365627693 0.328418836991326 0.3413866058415912 0.3328588146695346
0.3328588146695346 0.34497055365627693 0.328418836991326 0.3417387700259519
0.3417387700259519 0.3328588146695346 0.34497055365627693 0.3263193966614836
0.3263193966614836 0.3417387700259519 0.3328588146695346 0.28353551169456
0.28353551169456 0.3263193966614836 0.3417387700259519 0.290465019260672
0.290465019260672 0.28353551169456 0.3263193966614836 0.2778927578789965
0.2778927578789965 0.290465019260672 0.28353551169456 0.24030600358665688
0.24030600358665688 0.2778927578789965 0.290465019260672 0.2134995367686498
0.2134995367686498 0.24030600358665688 0.2778927578789965 0.24618714546547976
0.24618714546547976 0.2134995367686498 0.24030600358665688 0.26673050771239565
0.26673050771239565 0.24618714546547976 0.2134995367686498 0.28843194833480523
0.28843194833480523 0.26673050771239565 0.24618714546547976 0.32952409073916555
0.32952409073916555 0.28843194833480523 0.26673050771239565 0.3145462770827803
0.3145462770827803 0.32952409073916555 0.28843194833480523 0.2997919522357008
0.2997919522357008 0.3145462770827803 0.32952409073916555 0.3386668147562212
0.3386668147562212 0.2997919522357008 0.3145462770827803 0.3213010570343442
0.3213010570343442 0.3386668147562212 0.2997919522357008 0.32728784816847534
0.32728784816847534 0.3213010570343442 0.3386668147562212 0.33244163555883044
0.33244163555883044 0.32728784816847534 0.3213010570343442 0.34558006859074736
0.34558006859074736 0.33244163555883044 0.32728784816847534 0.33590638934188644
0.33590638934188644 0.34558006859074736 0.33244163555883044 0.35193121420792867
0.35193121420792867 0.33590638934188644 0.34558006859074736 0.33054265791854726
0.33054265791854726 0.35193121420792867 0.33590638934188644 0.33967996402507405
0.33967996402507405 0.33054265791854726 0.35193121420792867 0.375822845161535
0.375822845161535 0.33967996402507405 0.33054265791854726 0.35213167689748776
0.35213167689748776 0.375822845161535 0.33967996402507405 0.3411847886743999
0.3411847886743999 0.35213167689748776 0.375822845161535 0.34224669913801054
0.34224669913801054 0.3411847886743999 0.35213167689748776 0.3331419004946553
0.3331419004946553 0.34224669913801054 0.3411847886743999 0.3202797808996983
0.3202797808996983 0.3331419004946553 0.34224669913801054 0.3539791843877491
0.3539791843877491 0.3202797808996983 0.3331419004946553 0.3567003299507513
0.3567003299507513 0.3539791843877491 0.3202797808996983 0.3486019081880883
0.3486019081880883 0.3567003299507513 0.3539791843877491 0.3410100610598517
0.3410100610598517 0.3486019081880883 0.3567003299507513 0.3558239829227461
0.3558239829227461 0.3410100610598517 0.3486019081880883 0.3576186657853533
0.3576186657853533 0.3558239829227461 0.3410100610598517 0.3656398823229834
0.3656398823229834 0.3576186657853533 0.3558239829227461 0.36544348306632063
0.36544348306632063 0.3656398823229834 0.3576186657853533 0.36067843075639455
0.36067843075639455 0.36544348306632063 0.3656398823229834 0.35502484111977384
0.35502484111977384 0.36067843075639455 0.36544348306632063 0.350869303744318
0.350869303744318 0.35502484111977384 0.36067843075639455 0.3495662962621836
0.3495662962621836 0.350869303744318 0.35502484111977384 0.3582471434066739
0.3582471434066739 0.3495662962621836 0.350869303744318 0.34508162082211374
0.34508162082211374 0.3582471434066739 0.3495662962621836 0.32907711312055393
0.32907711312055393 0.34508162082211374 0.3582471434066739 0.34147058345478487
0.34147058345478487 0.32907711312055393 0.34508162082211374 0.34139608718501624
0.34139608718501624 0.34147058345478487 0.32907711312055393 0.33360106841195636
0.33360106841195636 0.34139608718501624 0.34147058345478487 0.3271212474197202
0.3271212474197202 0.33360106841195636 0.34139608718501624 0.3265496578589502
0.3265496578589502 0.3271212474197202 0.33360106841195636 0.3153088479896844
0.3153088479896844 0.3265496578589502 0.3271212474197202 0.3148171726092116
0.3148171726092116 0.3153088479896844 0.3265496578589502 0.30990854567027687
0.30990854567027687 0.3148171726092116 0.3153088479896844 0.31209873600147375
0.31209873600147375 0.30990854567027687 0.3148171726092116 0.32971100865240316
0.32971100865240316 0.31209873600147375 0.30990854567027687 0.3455462066499434
0.3455462066499434 0.32971100865240316 0.31209873600147375 0.3405021319477931
0.3405021319477931 0.3455462066499434 0.32971100865240316 0.342372665557801
0.342372665557801 0.3405021319477931 0.3455462066499434 0.3284093556479009
0.3284093556479009 0.342372665557801 0.3405021319477931 0.31066028075612356
0.31066028075612356 0.3284093556479009 0.342372665557801 0.2944972991716015
0.2944972991716015 0.31066028075612356 0.3284093556479009 0.2817042579358845
0.2817042579358845 0.2944972991716015 0.31066028075612356 0.30607808292653854
0.30607808292653854 0.2817042579358845 0.2944972991716015 0.3023966127223376
0.3023966127223376 0.30607808292653854 0.2817042579358845 0.30451230678376584
0.30451230678376584 0.3023966127223376 0.30607808292653854 0.2991133589419904
0.2991133589419904 0.30451230678376584 0.3023966127223376 0.32792174370032456
0.32792174370032456 0.2991133589419904 0.30451230678376584 0.3656601994874657
0.3656601994874657 0.32792174370032456 0.2991133589419904 0.36138817703564446
0.36138817703564446 0.3656601994874657 0.32792174370032456 0.3552984456014694
0.3552984456014694 0.36138817703564446 0.3656601994874657 0.3609791247907332
0.3609791247907332 0.3552984456014694 0.36138817703564446 0.36500327783586983
0.36500327783586983 0.3609791247907332 0.3552984456014694 0.37936209521435965
0.37936209521435965 0.36500327783586983 0.3609791247907332 0.38683339383333426
0.38683339383333426 0.37936209521435965 0.36500327783586983 0.39391053946135135
0.39391053946135135 0.38683339383333426 0.37936209521435965 0.38982949835566416
0.38982949835566416 0.39391053946135135 0.38683339383333426 0.3926441028752852
0.3926441028752852 0.38982949835566416 0.39391053946135135 0.4008725544906352
0.4008725544906352 0.3926441028752852 0.38982949835566416 0.3950875805236953
0.3950875805236953 0.4008725544906352 0.3926441028752852 0.3946243491734978
0.3946243491734978 0.3950875805236953 0.4008725544906352 0.40544797993205944
0.40544797993205944 0.3946243491734978 0.3950875805236953 0.40611844635997685
0.40611844635997685 0.40544797993205944 0.3946243491734978 0.4065694874114849
0.4065694874114849 0.40611844635997685 0.40544797993205944 0.4069622859248103
0.4069622859248103 0.4065694874114849 0.40611844635997685 0.41523137186912507
0.41523137186912507 0.4069622859248103 0.4065694874114849 0.4184008495283709
0.4184008495283709 0.41523137186912507 0.4069622859248103 0.41225423003364525
0.41225423003364525 0.4184008495283709 0.41523137186912507 0.4174594875740223
0.4174594875740223 0.41225423003364525 0.4184008495283709 0.4300601929859731
0.4300601929859731 0.4174594875740223 0.41225423003364525 0.44646427158901897
0.44646427158901897 0.4300601929859731 0.4174594875740223 0.4463247603929069
0.4463247603929069 0.44646427158901897 0.4300601929859731 0.4454876932162342
0.4454876932162342 0.4463247603929069 0.44646427158901897 0.4505805291131423
0.4505805291131423 0.4454876932162342 0.4463247603929069 0.4474841932460327
0.4474841932460327 0.4505805291131423 0.4454876932162342 0.4476264133974093
0.4476264133974093 0.4474841932460327 0.4505805291131423 0.4416545215172318
0.4416545215172318 0.4476264133974093 0.4474841932460327 0.4516857828609819
0.4516857828609819 0.4416545215172318 0.4476264133974093 0.4655298987392524
0.4655298987392524 0.4516857828609819 0.4416545215172318 0.4786195705764116
0.4786195705764116 0.4655298987392524 0.4516857828609819 0.49963022760642123
0.49963022760642123 0.4786195705764116 0.4655298987392524 0.49429494021335735
0.49429494021335735 0.49963022760642123 0.4786195705764116 0.4945875073819031
0.4945875073819031 0.49429494021335735 0.49963022760642123 0.4916645446517096
0.4916645446517096 0.4945875073819031 0.49429494021335735 0.5054951157536586
0.5054951157536586 0.4916645446517096 0.4945875073819031 0.5284047504239515
0.5284047504239515 0.5054951157536586 0.4916645446517096 0.5243507988709074
0.5243507988709074 0.5284047504239515 0.5054951157536586 0.5377276199660839
0.5377276199660839 0.5243507988709074 0.5284047504239515 0.5431455304947094
0.5431455304947094 0.5377276199660839 0.5243507988709074 0.511788018832657
0.511788018832657 0.5431455304947094 0.5377276199660839 0.5393611199904644
0.5393611199904644 0.511788018832657 0.5431455304947094 0.4966937200999064
0.4966937200999064 0.5393611199904644 0.511788018832657 0.460443835230505
0.460443835230505 0.4966937200999064 0.5393611199904644 0.47646730561891515
0.47646730561891515 0.460443835230505 0.4966937200999064 0.4639505778201578
0.4639505778201578 0.47646730561891515 0.460443835230505 0.4529671187010019
0.4529671187010019 0.4639505778201578 0.47646730561891515 0.4643677569308622
0.4643677569308622 0.4529671187010019 0.4639505778201578 0.4546263538003935
0.4546263538003935 0.4643677569308622 0.4529671187010019 0.480259842988953
0.480259842988953 0.4546263538003935 0.4643677569308622 0.5107139180703569
0.5107139180703569 0.480259842988953 0.4546263538003935 0.5147109815628504
0.5147109815628504 0.5107139180703569 0.480259842988953 0.5284250675884338
0.5284250675884338 0.5147109815628504 0.5107139180703569 0.5286566832635327
0.5286566832635327 0.5284250675884338 0.5147109815628504 0.534254739317235
0.534254739317235 0.5286566832635327 0.5284250675884338 0.541635287934855
0.541635287934855 0.534254739317235 0.5286566832635327 0.5424384931707239
0.5424384931707239 0.541635287934855 0.534254739317235 0.5381529259425811
0.5381529259425811 0.5424384931707239 0.541635287934855 0.5475624820531715
0.5475624820531715 0.5381529259425811 0.5424384931707239 0.5512588515113261
0.5512588515113261 0.5475624820531715 0.5381529259425811 0.5574352695139593
0.5574352695139593 0.5512588515113261 0.5475624820531715 0.5587816202803227
0.5587816202803227 0.5574352695139593 0.5512588515113261 0.5664750532309709
0.5664750532309709 0.5587816202803227 0.5574352695139593 0.5652898853028341
0.5652898853028341 0.5664750532309709 0.5587816202803227 0.5764819339773424
0.5764819339773424 0.5652898853028341 0.5664750532309709 0.5747929003700433
0.5747929003700433 0.5764819339773424 0.5652898853028341 0.560169959853283
0.560169959853283 0.5747929003700433 0.5764819339773424 0.5675437360827424
0.5675437360827424 0.560169959853283 0.5747929003700433 0.584757792309818
0.584757792309818 0.5675437360827424 0.560169959853283 0.6032762104966599
0.6032762104966599 0.584757792309818 0.5675437360827424 0.6102734419443798
0.6102734419443798 0.6032762104966599 0.584757792309818 0.6065946806954431
0.6065946806954431 0.6102734419443798 0.6032762104966599 0.6132329755706415
0.6132329755706415 0.6065946806954431 0.6102734419443798 0.6150561024635239
0.6150561024635239 0.6132329755706415 0.6065946806954431 0.6188364495348724
0.6188364495348724 0.6150561024635239 0.6132329755706415 0.617698688323861
0.617698688323861 0.6188364495348724 0.6150561024635239 0.611226994197418
0.611226994197418 0.617698688323861 0.6188364495348724 0.6230204309406036
0.6230204309406036 0.611226994197418 0.617698688323861 0.6263009757656862
0.6263009757656862 0.6230204309406036 0.611226994197418 0.6079979195223572
0.6079979195223572 0.6263009757656862 0.6230204309406036 0.6218650615203741
0.6218650615203741 0.6079979195223572 0.6263009757656862 0.6248923190282436
0.6248923190282436 0.6218650615203741 0.6079979195223572 0.6204591137381958
0.6204591137381958 0.6248923190282436 0.6218650615203741 0.6231369160169689
0.6231369160169689 0.6204591137381958 0.6248923190282436 0.6070321769706295
0.6070321769706295 0.6231369160169689 0.6204591137381958 0.6171704420473201
0.6171704420473201 0.6070321769706295 0.6231369160169689 0.6198143823852894
0.6198143823852894 0.6171704420473201 0.6070321769706295 0.62396043841732
0.62396043841732 0.6198143823852894 0.6171704420473201 0.6319599833128356
0.6319599833128356 0.62396043841732 0.6198143823852894 0.6476529611589994
0.6476529611589994 0.6319599833128356 0.62396043841732 0.6604432934394522
0.6604432934394522 0.6476529611589994 0.6319599833128356 0.6721933868984088
0.6721933868984088 0.6604432934394522 0.6476529611589994 0.6795942526805114
0.6795942526805114 0.6721933868984088 0.6604432934394522 0.6766157563673993
0.6766157563673993 0.6795942526805114 0.6721933868984088 0.6906874244878721
0.6906874244878721 0.6766157563673993 0.6795942526805114 0.7046778239504152
0.7046778239504152 0.6906874244878721 0.6766157563673993 0.7145004957388134
0.7145004957388134 0.7046778239504152 0.6906874244878721 0.7238694175204391
0.7238694175204391 0.7145004957388134 0.7046778239504152 0.7272149772718655
0.7272149772718655 0.7238694175204391 0.7145004957388134 0.7228806488489651
0.7228806488489651 0.7272149772718655 0.7238694175204391 0.7389555893873968
0.7389555893873968 0.7228806488489651 0.7272149772718655 0.714998943507447
0.714998943507447 0.7389555893873968 0.7228806488489651 0.7209017570283845
0.7209017570283845 0.714998943507447 0.7389555893873968 0.7333101266165692
0.7333101266165692 0.7209017570283845 0.714998943507447 0.7526371679498084
0.7526371679498084 0.7333101266165692 0.7209017570283845 0.76351091438076
0.76351091438076 0.7526371679498084 0.7333101266165692 0.7629054628791861
0.7629054628791861 0.76351091438076 0.7526371679498084 0.7593431867066147
0.7593431867066147 0.7629054628791861 0.76351091438076 0.75507522768769
0.75507522768769 0.7593431867066147 0.7629054628791861 0.7904135491106499
0.7904135491106499 0.75507522768769 0.7593431867066147 0.8005220156794332
0.8005220156794332 0.7904135491106499 0.75507522768769 0.8158939823267759
0.8158939823267759 0.8005220156794332 0.7904135491106499 0.8346236990242344
0.8346236990242344 0.8158939823267759 0.8005220156794332 0.8570741657772265
0.8570741657772265 0.8346236990242344 0.8158939823267759 0.816640299502094
0.816640299502094 0.8570741657772265 0.8346236990242344 0.862588244217735
0.862588244217735 0.816640299502094 0.8570741657772265 0.8515614418143499
0.8515614418143499 0.862588244217735 0.816640299502094 0.8752268750033861
0.8752268750033861 0.8515614418143499 0.862588244217735 0.887514696082309
0.887514696082309 0.8752268750033861 0.8515614418143499 0.9002671029890613
0.9002671029890613 0.887514696082309 0.8752268750033861 0.8879183304166915
0.8879183304166915 0.9002671029890613 0.887514696082309 0.9100667486577128
0.9100667486577128 0.8879183304166915 0.9002671029890613 0.9015254127093347
0.9015254127093347 0.9100667486577128 0.8879183304166915 0.8534346843796222
0.8534346843796222 0.9015254127093347 0.9100667486577128 0.8892443640185728
0.8892443640185728 0.8534346843796222 0.9015254127093347 0.8916648155472361
0.8916648155472361 0.8892443640185728 0.8534346843796222 0.8791033899866179
0.8791033899866179 0.8916648155472361 0.8892443640185728 0.8837140318464782
0.8837140318464782 0.8791033899866179 0.8916648155472361 0.8203420868707775
0.8203420868707775 0.8837140318464782 0.8791033899866179 0.8391530722261652
0.8391530722261652 0.8203420868707775 0.8837140318464782 0.7730653995979909
0.7730653995979909 0.8391530722261652 0.8203420868707775 0.8009635753875162
0.8009635753875162 0.7730653995979909 0.8391530722261652 0.7562454963618732
0.7562454963618732 0.8009635753875162 0.7730653995979909 0.7048579694754921
0.7048579694754921 0.7562454963618732 0.8009635753875162 0.7511431791215402
0.7511431791215402 0.7048579694754921 0.7562454963618732 0.745364977542761
0.745364977542761 0.7511431791215402 0.7048579694754921 0.7853884370953499
0.7853884370953499 0.745364977542761 0.7511431791215402 0.8208378256841466
0.8208378256841466 0.7853884370953499 0.745364977542761 0.8312862661386009
0.8312862661386009 0.8208378256841466 0.7853884370953499 0.8450897476879066
0.8450897476879066 0.8312862661386009 0.8208378256841466 0.8651793599280503
0.8651793599280503 0.8450897476879066 0.8312862661386009 0.8897130132792987
0.8897130132792987 0.8651793599280503 0.8450897476879066 0.8819437295812497
0.8819437295812497 0.8897130132792987 0.8651793599280503 0.8883504087813495
0.8883504087813495 0.8819437295812497 0.8897130132792987 0.8835853564714233
0.8835853564714233 0.8883504087813495 0.8819437295812497 0.9044917187237571
0.9044917187237571 0.8835853564714233 0.8883504087813495 0.8932779984071343
0.8932779984071343 0.9044917187237571 0.8835853564714233 0.9052028194806392
0.9052028194806392 0.8932779984071343 0.9044917187237571 0.9175326293661586
0.9175326293661586 0.9052028194806392 0.8932779984071343 0.9177236107122926
0.9177236107122926 0.9175326293661586 0.9052028194806392 0.9202172040330927
0.9202172040330927 0.9177236107122926 0.9175326293661586 0.9543229508107903
0.9543229508107903 0.9202172040330927 0.9177236107122926 0.9618592643561084
0.9618592643561084 0.9543229508107903 0.9202172040330927 0.9711726525548158
0.9711726525548158 0.9618592643561084 0.9543229508107903 0.9814450109170898
0.9814450109170898 0.9711726525548158 0.9618592643561084 1.0
1.0 0.9814450109170898 0.9711726525548158 0.9785504922171715
0.9785504922171715 1.0 0.9814450109170898 0.9694321487974947
0.9694321487974947 0.9785504922171715 1.0 0.9731718615398786
0.9731718615398786 0.9694321487974947 0.9785504922171715 0.9639410964767329
0.9639410964767329 0.9731718615398786 0.9694321487974947 0.9361743050175271
0.9361743050175271 0.9639410964767329 0.9731718615398786 0.9550286336571437
0.9550286336571437 0.9361743050175271 0.9639410964767329 0.9507213947868866
0.9507213947868866 0.9550286336571437 0.9361743050175271 0.9200695659711877
0.9200695659711877 0.9507213947868866 0.9550286336571437 0.8738006100567256
0.8738006100567256 0.9200695659711877 0.9507213947868866 0.9050619538068948
0.9050619538068948 0.8738006100567256 0.9200695659711877 0.9260834466579619
0.9260834466579619 0.9050619538068948 0.8738006100567256 0.9209499764320893
0.9209499764320893 0.9260834466579619 0.9050619538068948 0.9204352749318697
0.9204352749318697 0.9209499764320893 0.9260834466579619 0.9325036706343832
0.9325036706343832 0.9204352749318697 0.9209499764320893 0.9055902000834357
0.9055902000834357 0.9325036706343832 0.9204352749318697 0.9049129612673575
0.9049129612673575 0.9055902000834357 0.9325036706343832 0.8994273268571242
0.8994273268571242 0.9049129612673575 0.9055902000834357 0.8967454611454547
0.8967454611454547 0.8994273268571242 0.9049129612673575 0.8405752737399294
0.8405752737399294 0.8967454611454547 0.8994273268571242 0.7877641908621521
0.7877641908621521 0.8405752737399294 0.8967454611454547 0.840250199108212
0.840250199108212 0.7877641908621521 0.8405752737399294 0.7851771385847334
0.7851771385847334 0.840250199108212 0.7877641908621521 0.8086773255026466
0.8086773255026466 0.7851771385847334 0.840250199108212 0.8180503107171688
0.8180503107171688 0.8086773255026466 0.7851771385847334 0.8183212062436002
0.8183212062436002 0.8180503107171688 0.8086773255026466 0.8432842290042422
0.8432842290042422 0.8183212062436002 0.8180503107171688 0.8300103482091096
0.8300103482091096 0.8432842290042422 0.8183212062436002 0.7814523250963034
0.7814523250963034 0.8300103482091096 0.8432842290042422 0.7255530332172095
0.7255530332172095 0.7814523250963034 0.8300103482091096 0.7080938165387138
0.7080938165387138 0.7255530332172095 0.7814523250963034 0.6650200733585087
0.6650200733585087 0.7080938165387138 0.7255530332172095 0.7168979211477303
0.7168979211477303 0.6650200733585087 0.7080938165387138 0.7389081826702715
0.7389081826702715 0.7168979211477303 0.6650200733585087 0.7426465409350229
0.7426465409350229 0.7389081826702715 0.7168979211477303 0.7640472875230938
0.7640472875230938 0.7426465409350229 0.7389081826702715 0.719417249543541
0.719417249543541 0.7640472875230938 0.7426465409350229 0.6615458382320276
0.6615458382320276 0.719417249543541 0.7640472875230938 0.6716759764429251
0.6716759764429251 0.6615458382320276 0.719417249543541 0.6558326515795919
0.6558326515795919 0.6716759764429251 0.6615458382320276 0.5992222589436158
0.5992222589436158 0.6558326515795919 0.6716759764429251 0.5250063660448712
0.5250063660448712 0.5992222589436158 0.6558326515795919 0.5806049638896262
0.5806049638896262 0.5250063660448712 0.5992222589436158 0.6388000953552254
0.6388000953552254 0.5806049638896262 0.5250063660448712 0.684408066185195
0.684408066185195 0.6388000953552254 0.5806049638896262 0.7062517269589811
0.7062517269589811 0.684408066185195 0.6388000953552254 0.7060079209851928
0.7060079209851928 0.7062517269589811 0.684408066185195 0.7151777345548916
0.7151777345548916 0.7060079209851928 0.7062517269589811 0.6659465360589036
0.6659465360589036 0.7151777345548916 0.7060079209851928 0.6113841136027481
0.6113841136027481 0.6659465360589036 0.7151777345548916 0.5622057397344141
0.5622057397344141 0.6113841136027481 0.6659465360589036 0.6153730502294485
0.6153730502294485 0.5622057397344141 0.6113841136027481 0.6705382152319137
0.6705382152319137 0.6153730502294485 0.5622057397344141 0.6905817752325638
0.6905817752325638 0.6705382152319137 0.6153730502294485 0.6383314460944992
0.6383314460944992 0.6905817752325638 0.6705382152319137 0.6689087786404295
0.6689087786404295 0.6383314460944992 0.6905817752325638 0.6833922079610778
0.6833922079610778 0.6689087786404295 0.6383314460944992 0.6806493907559611
0.6806493907559611 0.6833922079610778 0.6689087786404295 0.6698081517881815
0.6698081517881815 0.6806493907559611 0.6833922079610778 0.6248977369387722
0.6248977369387722 0.6698081517881815 0.6806493907559611 0.6454126551554128
0.6454126551554128 0.6248977369387722 0.6698081517881815 0.6812697415114887
0.6812697415114887 0.6454126551554128 0.6248977369387722 0.6940207939406088
0.6940207939406088 0.6812697415114887 0.6454126551554128 0.6956732566518397
0.6956732566518397 0.6940207939406088 0.6812697415114887 0.6849457938051611
0.6849457938051611 0.6956732566518397 0.6940207939406088 0.7179950480297768
0.7179950480297768 0.6849457938051611 0.6956732566518397 0.7189296375959648
0.7189296375959648 0.7179950480297768 0.6849457938051611 0.7188754584906785
0.7188754584906785 0.7189296375959648 0.7179950480297768 0.7269075108493659
0.7269075108493659 0.7188754584906785 0.7189296375959648 0.7395041528284203
0.7395041528284203 0.7269075108493659 0.7188754584906785 0.74634426487081
0.74634426487081 0.7395041528284203 0.7269075108493659 0.7385560184859108
0.7385560184859108 0.74634426487081 0.7395041528284203 0.750353518661993
0.750353518661993 0.7385560184859108 0.74634426487081 0.7398969513417456
0.7398969513417456 0.750353518661993 0.7385560184859108 0.7594149740211191
0.7594149740211191 0.7398969513417456 0.750353518661993 0.760688182995346
0.760688182995346 0.7594149740211191 0.7398969513417456 0.7676366532483082
0.7676366532483082 0.760688182995346 0.7594149740211191 0.7824140042151344
0.7824140042151344 0.7676366532483082 0.760688182995346 0.796649564129098
0.796649564129098 0.7824140042151344 0.7676366532483082 0.8066997881596984
0.8066997881596984 0.796649564129098 0.7824140042151344 0.80428881797446
0.80428881797446 0.8066997881596984 0.796649564129098 0.7808021758328684
0.7808021758328684 0.80428881797446 0.8066997881596984 0.7632481457201216
0.7632481457201216 0.7808021758328684 0.80428881797446 0.7470621380158528
0.7470621380158528 0.7632481457201216 0.7808021758328684 0.735007287089661
0.735007287089661 0.7470621380158528 0.7632481457201216 0.7701288920914762
0.7701288920914762 0.735007287089661 0.7470621380158528 0.7674876607087712
0.7674876607087712 0.7701288920914762 0.735007287089661 0.7682461681827786
0.7682461681827786 0.7674876607087712 0.7701288920914762 0.7572478098096689
0.7572478098096689 0.7682461681827786 0.7674876607087712 0.7219094883867089
0.7219094883867089 0.7572478098096689 0.7682461681827786 0.7251466899275626
0.7251466899275626 0.7219094883867089 0.7572478098096689 0.6859521706858532
0.6859521706858532 0.7251466899275626 0.7219094883867089 0.6357769012802524
0.6357769012802524 0.6859521706858532 0.7251466899275626 0.6752897227655184
0.6752897227655184 0.6357769012802524 0.6859521706858532 0.6842780363325082
0.6842780363325082 0.6752897227655184 0.6357769012802524 0.7036849918460446
0.7036849918460446 0.6842780363325082 0.6752897227655184 0.7007024321000362
0.7007024321000362 0.7036849918460446 0.6842780363325082 0.715173671121995
0.715173671121995 0.7007024321000362 0.7036849918460446 0.7090703949114985
0.7090703949114985 0.715173671121995 0.7007024321000362 0.6922464282424842
0.6922464282424842 0.7090703949114985 0.715173671121995 0.7013214283779319
0.7013214283779319 0.6922464282424842 0.7090703949114985 0.6821420251065975
0.6821420251065975 0.7013214283779319 0.6922464282424842 0.6873039393627453
0.6873039393627453 0.6821420251065975 0.7013214283779319 0.6774921033954047
0.6774921033954047 0.6873039393627453 0.6821420251065975 0.7133044919896193
0.7133044919896193 0.6774921033954047 0.6873039393627453 0.6904761259772555
0.6904761259772555 0.7133044919896193 0.6774921033954047 0.6958764282966632
0.6958764282966632 0.6904761259772555 0.7133044919896193 0.6899262080586002
0.6899262080586002 0.6958764282966632 0.6904761259772555 0.6752748235115645
0.6752748235115645 0.6899262080586002 0.6958764282966632 0.6796701034279121
0.6796701034279121 0.6752748235115645 0.6899262080586002 0.6964277006929508
0.6964277006929508 0.6796701034279121 0.6752748235115645 0.713024115119763
0.713024115119763 0.6964277006929508 0.6796701034279121 0.7335647684114145
0.7335647684114145 0.713024115119763 0.6964277006929508 0.7261693205398406
0.7261693205398406 0.7335647684114145 0.713024115119763 0.7333859773639699
0.7333859773639699 0.7261693205398406 0.7335647684114145 0.744369436483126
0.744369436483126 0.7333859773639699 0.7261693205398406 0.7636260449794933
0.7636260449794933 0.744369436483126 0.7333859773639699 0.7614304367377677
0.7614304367377677 0.7636260449794933 0.744369436483126 0.7754844966490223
0.7754844966490223 0.7614304367377677 0.7636260449794933 0.7722987652581905
0.7722987652581905 0.7754844966490223 0.7614304367377677 0.7927283513840052
0.7927283513840052 0.7722987652581905 0.7754844966490223 0.8079350717602249
0.8079350717602249 0.7927283513840052 0.7722987652581905 0.8175640532472247
0.8175640532472247 0.8079350717602249 0.7927283513840052 0.8197095458165604
0.8197095458165604 0.8175640532472247 0.8079350717602249 0.8220067398806975
0.8220067398806975 0.8197095458165604 0.8175640532472247 0.8120797733146236
0.8120797733146236 0.8220067398806975 0.8197095458165604 0.8112372882274224
0.8112372882274224 0.8120797733146236 0.8220067398806975 0.817237624137875
0.817237624137875 0.8112372882274224 0.8120797733146236 0.8151801726146294
0.8151801726146294 0.817237624137875 0.8112372882274224 0.8500891246281961
0.8500891246281961 0.8151801726146294 0.817237624137875 0.8816200094271643
0.8816200094271643 0.8500891246281961 0.8151801726146294 0.9040257784182952
0.9040257784182952 0.8816200094271643 0.8500891246281961 0.899016920134581
0.899016920134581 0.9040257784182952 0.8816200094271643 0.8718515167440524
0.8718515167440524 0.899016920134581 0.9040257784182952 0.8288983220731093
0.8288983220731093 0.8718515167440524 0.899016920134581 0.8200617100009211
0.8200617100009211 0.8288983220731093 0.8718515167440524 0.8608802479235858
0.8608802479235858 0.8200617100009211 0.8288983220731093 0.8291434825245296
0.8291434825245296 0.8608802479235858 0.8200617100009211 0.8298356205945616
0.8298356205945616 0.8291434825245296 0.8608802479235858 0.8238176764748907
0.8238176764748907 0.8298356205945616 0.8291434825245296 0.7921730155548212
0.7921730155548212 0.8238176764748907 0.8298356205945616 0.7927676312353379
0.7927676312353379 0.7921730155548212 0.8238176764748907 0.809763616563636
0.809763616563636 0.7927676312353379 0.7921730155548212 0.8019807880892657
0.8019807880892657 0.809763616563636 0.7927676312353379 0.8071521836888387
0.8071521836888387 0.8019807880892657 0.809763616563636 0.7876246796660401
0.7876246796660401 0.8071521836888387 0.8019807880892657 0.7503481007514642
0.7503481007514642 0.7876246796660401 0.8071521836888387 0.776339172034913
0.776339172034913 0.7503481007514642 0.7876246796660401 0.7795506385007559
0.7795506385007559 0.776339172034913 0.7503481007514642 0.8094642770069296
0.8094642770069296 0.7795506385007559 0.776339172034913 0.8099776240295168
0.8099776240295168 0.8094642770069296 0.7795506385007559 0.7936575230396645
0.7936575230396645 0.8099776240295168 0.8094642770069296 0.7952490342574483
0.7952490342574483 0.7936575230396645 0.8099776240295168 0.7725493436201395
0.7725493436201395 0.7952490342574483 0.7936575230396645 0.7758244705346936
0.7758244705346936 0.7725493436201395 0.7952490342574483 0.7445956342476961
0.7445956342476961 0.7758244705346936 0.7725493436201395 0.7483624365427229
0.7483624365427229 0.7445956342476961 0.7758244705346936 0.766534108455733
0.766534108455733 0.7483624365427229 0.7445956342476961 0.7837657728920264
0.7837657728920264 0.766534108455733 0.7483624365427229 0.7790657355084439
0.7790657355084439 0.7837657728920264 0.766534108455733 0.7681337465393095
0.7681337465393095 0.7790657355084439 0.7837657728920264 0.7711826756892937
0.7711826756892937 0.7681337465393095 0.7790657355084439 0.7792932877506462
0.7792932877506462 0.7711826756892937 0.7681337465393095 0.7715361943512865
0.7715361943512865 0.7792932877506462 0.7711826756892937 0.7738862130430779
0.7738862130430779 0.7715361943512865 0.7792932877506462 0.7667657241308319
0.7667657241308319 0.7738862130430779 0.7715361943512865 0.7382593878844685
0.7382593878844685 0.7667657241308319 0.7738862130430779 0.6995538350679676
0.6995538350679676 0.7382593878844685 0.7667657241308319 0.7167123577121248
0.7167123577121248 0.6995538350679676 0.7382593878844685 0.6816015885313671
0.6816015885313671 0.7167123577121248 0.6995538350679676 0.6776573496665276
0.6776573496665276 0.6816015885313671 0.7167123577121248 0.6954484133649017
0.6954484133649017 0.6776573496665276 0.6816015885313671 0.6962773536757814
0.6962773536757814 0.6954484133649017 0.6776573496665276 0.6999344432826036
0.6999344432826036 0.6962773536757814 0.6954484133649017 0.6975018014552508
0.6975018014552508 0.6999344432826036 0.6962773536757814 0.7009990627014786
0.7009990627014786 0.6975018014552508 0.6999344432826036 0.7170089883135671
0.7170089883135671 0.7009990627014786 0.6975018014552508 0.711975749432474
0.711975749432474 0.7170089883135671 0.7009990627014786 0.7239764212533794
0.7239764212533794 0.711975749432474 0.7170089883135671 0.7469009551776261
0.7469009551776261 0.7239764212533794 0.711975749432474 0.7427223916824239
0.7427223916824239 0.7469009551776261 0.7239764212533794 0.7406500409052245
0.7406500409052245 0.7427223916824239 0.7469009551776261 0.7496437723827428
0.7496437723827428 0.7406500409052245 0.7427223916824239 0.7607586158322183
0.7607586158322183 0.7496437723827428 0.7406500409052245 0.7720102615225413
0.7720102615225413 0.7607586158322183 0.7496437723827428 0.7756023362030201
0.7756023362030201 0.7720102615225413 0.7607586158322183 0.778798903414909
0.778798903414909 0.7756023362030201 0.7720102615225413 0.7788801720728383
0.7788801720728383 0.778798903414909 0.7756023362030201 0.7876246796660401
0.7876246796660401 0.7788801720728383 0.778798903414909 0.7875501833962714
0.7875501833962714 0.7876246796660401 0.7788801720728383 0.8080596837023833
0.8080596837023833 0.7875501833962714 0.7876246796660401 0.8316736467413978
0.8316736467413978 0.8080596837023833 0.7875501833962714 0.841731997637791
0.841731997637791 0.8316736467413978 0.8080596837023833 0.8643504196171705
0.8643504196171705 0.841731997637791 0.8316736467413978 0.8746837294728916
0.8746837294728916 0.8643504196171705 0.841731997637791 0.9073293493631246
0.9073293493631246 0.8746837294728916 0.8643504196171705 0.9130723345234678
0.9130723345234678 0.9073293493631246 0.8746837294728916 0.9260807377026976
0.9260807377026976 0.9130723345234678 0.9073293493631246 0.9449093312673035
0.9449093312673035 0.9260807377026976 0.9130723345234678 0.9418698834607445
0.9418698834607445 0.9449093312673035 0.9260807377026976 0.9127621591457039
0.9127621591457039 0.9418698834607445 0.9449093312673035 0.9146286293228155
0.9146286293228155 0.9127621591457039 0.9418698834607445 0.8890601550605994
0.8890601550605994 0.9146286293228155 0.9127621591457039 0.8908480655350457
0.8908480655350457 0.8890601550605994 0.9146286293228155 0.8788528116246688
0.8788528116246688 0.8908480655350457 0.8890601550605994 0.9057202299361229
0.9057202299361229 0.8788528116246688 0.8908480655350457 0.890200625226875
0.890200625226875 0.9057202299361229 0.8788528116246688 0.8979807447459814
0.8979807447459814 0.890200625226875 0.9057202299361229 0.901009356731483
0.901009356731483 0.8979807447459814 0.890200625226875 0.9097944986536493
0.9097944986536493 0.901009356731483 0.8979807447459814 0.8808262855347206
0.8808262855347206 0.9097944986536493 0.901009356731483 0.8784085429613216
0.8784085429613216 0.8808262855347206 0.9097944986536493 0.851840464206574
0.851840464206574 0.8784085429613216 0.8808262855347206 0.8556086209792333
0.8556086209792333 0.851840464206574 0.8784085429613216 0.8455258894854611
0.8455258894854611 0.8556086209792333 0.851840464206574 0.8138798740877592
0.8138798740877592 0.8455258894854611 0.8556086209792333 0.8171563554799456
0.8171563554799456 0.8138798740877592 0.8455258894854611 0.8472758745862072
0.8472758745862072 0.8171563554799456 0.8138798740877592 0.8659134868046791
0.8659134868046791 0.8472758745862072 0.8171563554799456 0.8834201102003003
0.8834201102003003 0.8659134868046791 0.8472758745862072 0.8827090094434182
0.8827090094434182 0.8834201102003003 0.8659134868046791 0.8823135019748285
0.8823135019748285 0.8827090094434182 0.8834201102003003 0.8649369084318942
0.8649369084318942 0.8823135019748285 0.8827090094434182 0.8695746398443976
0.8695746398443976 0.8649369084318942 0.8823135019748285 0.8781254571362009
0.8781254571362009 0.8695746398443976 0.8649369084318942 0.8466013447253934
0.8466013447253934 0.8781254571362009 0.8695746398443976 0.8723445466021575
0.8723445466021575 0.8466013447253934 0.8781254571362009 0.8676404457856784
0.8676404457856784 0.8723445466021575 0.8466013447253934 0.8674183114540046
0.8674183114540046 0.8676404457856784 0.8723445466021575 0.8683176846017566
0.8683176846017566 0.8674183114540046 0.8676404457856784 0.8719544570440964
0.8719544570440964 0.8683176846017566 0.8674183114540046 0.8590991098373001
0.8590991098373001 0.8719544570440964 0.8683176846017566 0.8574669642905518
0.8574669642905518 0.8590991098373001 0.8719544570440964 0.8642379979737015
0.8642379979737015 0.8574669642905518 0.8590991098373001 0.8649165912674118
0.8649165912674118 0.8642379979737015 0.8574669642905518 0.886077595314591
0.886077595314591 0.8649165912674118 0.8642379979737015 0.8836557893082955
0.8836557893082955 0.886077595314591 0.8649165912674118 0.9082016329582333
0.9082016329582333 0.8836557893082955 0.886077595314591 0.9162689017353567
0.9162689017353567 0.9082016329582333 0.8836557893082955 0.9191065323747244
0.9191065323747244 0.9162689017353567 0.9082016329582333 0.9322869542132382
0.9322869542132382 0.9191065323747244 0.9162689017353567 0.9486842604281233
0.9486842604281233 0.9322869542132382 0.9191065323747244 0.9501687679129668
0.9501687679129668 0.9486842604281233 0.9322869542132382 0.9598966262671138
0.9598966262671138 0.9501687679129668 0.9486842604281233 0.9635333987094538
